[[0.272, 0.068, 0.161, 0.22, 0.279], [0.298, 0.2, 0.13, 0.304, 0.068], [0.236, 0.296, 0.131, 0.311, 0.026], [0.176, 0.203, 0.319, 0.29, 0.012], [0.292, 0.245, 0.119, 0.266, 0.078], [0.214, 0.301, 0.305, 0.155, 0.025], [0.152, 0.184, 0.285, 0.081, 0.298], [0.282, 0.05, 0.133, 0.309, 0.226], [0.103, 0.266, 0.144, 0.399, 0.088], [0.41, 0.124, 0.264, 0.112, 0.09], [0.092, 0.455, 0.152, 0.202, 0.099], [0.4, 0.09, 0.155, 0.238, 0.117], [0.519, 0.066, 0.08, 0.138, 0.197], [0.205, 0.141, 0.509, 0.081, 0.064], [0.501, 0.096, 0.093, 0.204, 0.106], [0.506, 0.085, 0.104, 0.22, 0.085], [0.278, 0.119, 0.247, 0.12, 0.236], [0.22, 0.114, 0.27, 0.114, 0.282], [0.247, 0.123, 0.106, 0.233, 0.291], [0.115, 0.259, 0.276, 0.236, 0.114], [0.132, 0.225, 0.263, 0.136, 0.244], [0.238, 0.141, 0.247, 0.282, 0.092], [0.235, 0.277, 0.317, 0.046, 0.125], [0.272, 0.249, 0.124, 0.273, 0.082], [0.145, 0.233, 0.249, 0.08, 0.293], [0.212, 0.265, 0.131, 0.337, 0.055], [0.324, 0.22, 0.139, 0.036, 0.281], [0.053, 0.232, 0.318, 0.137, 0.26], [0.043, 0.334, 0.14, 0.252, 0.231], [0.263, 0.288, 0.043, 0.181, 0.225], [0.258, 0.238, 0.284, 0.182, 0.038], [0.149, 0.681, 0.05, 0.087, 0.033], [0.387, 0.171, 0.136, 0.094, 0.212], [0.099, 0.102, 0.389, 0.198, 0.212], [0.411, 0.083, 0.105, 0.227, 0.174], [0.441, 0.249, 0.074, 0.152, 0.084], [0.051, 0.492, 0.212, 0.157, 0.088], [0.075, 0.214, 0.424, 0.107, 0.18], [0.114, 0.456, 0.194, 0.101, 0.135], [0.138, 0.236, 0.426, 0.084, 0.116], [0.506, 0.124, 0.127, 0.017, 0.226], [0.159, 0.241, 0.29, 0.067, 0.243], [0.223, 0.259, 0.079, 0.268, 0.171], [0.236, 0.155, 0.231, 0.071, 0.307], [0.312, 0.233, 0.081, 0.205, 0.169], [0.248, 0.343, 0.062, 0.165, 0.182], [0.31, 0.166, 0.171, 0.28, 0.073], [0.264, 0.099, 0.249, 0.136, 0.252], [0.198, 0.302, 0.173, 0.255, 0.072], [0.193, 0.198, 0.276, 0.253, 0.08], [0.327, 0.251, 0.062, 0.086, 0.274], [0.321, 0.235, 0.261, 0.096, 0.087], [0.252, 0.138, 0.239, 0.09, 0.281], [0.225, 0.173, 0.12, 0.29, 0.192], [0.565, 0.073, 0.159, 0.117, 0.086], [0.162, 0.254, 0.152, 0.25, 0.182], [0.243, 0.213, 0.121, 0.282, 0.141], [0.116, 0.206, 0.325, 0.257, 0.096], [0.326, 0.106, 0.122, 0.156, 0.29], [0.164, 0.095, 0.101, 0.327, 0.313], [0.352, 0.245, 0.103, 0.18, 0.12], [0.164, 0.31, 0.117, 0.317, 0.092], [0.296, 0.316, 0.108, 0.192, 0.088], [0.319, 0.159, 0.121, 0.296, 0.105], [0.167, 0.264, 0.19, 0.145, 0.234], [0.116, 0.465, 0.151, 0.188, 0.08], [0.302, 0.204, 0.079, 0.27, 0.145], [0.193, 0.291, 0.074, 0.269, 0.173], [0.145, 0.25, 0.114, 0.263, 0.228], [0.271, 0.15, 0.115, 0.23, 0.234], [0.103, 0.311, 0.238, 0.188, 0.16], [0.101, 0.267, 0.176, 0.191, 0.265], [0.263, 0.212, 0.26, 0.157, 0.108], [0.193, 0.189, 0.28, 0.109, 0.229], [0.273, 0.206, 0.318, 0.112, 0.091], [0.172, 0.208, 0.218, 0.149, 0.253], [0.262, 0.177, 0.189, 0.113, 0.259], [0.106, 0.349, 0.208, 0.167, 0.17], [0.213, 0.184, 0.169, 0.195, 0.239], [0.192, 0.224, 0.155, 0.208, 0.221], [0.182, 0.361, 0.142, 0.131, 0.184], [0.126, 0.37, 0.216, 0.168, 0.12], [0.322, 0.21, 0.225, 0.102, 0.141], [0.176, 0.134, 0.24, 0.115, 0.335], [0.359, 0.125, 0.138, 0.225, 0.153], [0.342, 0.165, 0.124, 0.216, 0.153], [0.266, 0.296, 0.125, 0.157, 0.156], [0.32, 0.145, 0.169, 0.23, 0.136], [0.199, 0.263, 0.207, 0.198, 0.133], [0.315, 0.141, 0.175, 0.288, 0.081], [0.134, 0.097, 0.334, 0.136, 0.299], [0.245, 0.211, 0.277, 0.13, 0.137], [0.221, 0.11, 0.104, 0.3, 0.265], [0.287, 0.197, 0.305, 0.108, 0.103], [0.238, 0.141, 0.149, 0.225, 0.247], [0.228, 0.291, 0.257, 0.108, 0.116], [0.127, 0.207, 0.283, 0.253, 0.13], [0.091, 0.28, 0.135, 0.281, 0.213], [0.254, 0.207, 0.11, 0.321, 0.108], [0.089, 0.3, 0.221, 0.269, 0.121], [0.299, 0.138, 0.229, 0.199, 0.135], [0.13, 0.27, 0.179, 0.258, 0.163], [0.175, 0.151, 0.297, 0.22, 0.157], [0.367, 0.139, 0.153, 0.171, 0.17], [0.133, 0.21, 0.361, 0.139, 0.157], [0.36, 0.153, 0.113, 0.247, 0.127], [0.273, 0.112, 0.152, 0.126, 0.337], [0.158, 0.265, 0.161, 0.275, 0.141], [0.314, 0.15, 0.15, 0.236, 0.15], [0.303, 0.112, 0.144, 0.249, 0.192], [0.228, 0.327, 0.162, 0.158, 0.125], [0.185, 0.204, 0.159, 0.321, 0.131], [0.155, 0.352, 0.142, 0.184, 0.167], [0.123, 0.157, 0.288, 0.105, 0.327], [0.221, 0.286, 0.129, 0.12, 0.244], [0.298, 0.213, 0.022, 0.3, 0.167], [0.073, 0.25, 0.2, 0.233, 0.244], [0.18, 0.285, 0.19, 0.251, 0.094], [0.079, 0.23, 0.235, 0.215, 0.241], [0.25, 0.227, 0.177, 0.266, 0.08], [0.23, 0.107, 0.109, 0.285, 0.269], [0.269, 0.233, 0.283, 0.107, 0.108], [0.148, 0.213, 0.254, 0.093, 0.292], [0.079, 0.105, 0.323, 0.273, 0.22], [0.154, 0.29, 0.173, 0.232, 0.151], [0.263, 0.14, 0.188, 0.126, 0.283], [0.15, 0.147, 0.176, 0.158, 0.369], [0.175, 0.16, 0.142, 0.379, 0.144], [0.134, 0.202, 0.434, 0.112, 0.118], [0.152, 0.137, 0.147, 0.415, 0.149], [0.317, 0.205, 0.152, 0.169, 0.157], [0.237, 0.322, 0.128, 0.137, 0.176], [0.168, 0.248, 0.17, 0.139, 0.275], [0.256, 0.156, 0.33, 0.118, 0.14], [0.177, 0.11, 0.17, 0.345, 0.198], [0.357, 0.121, 0.184, 0.152, 0.186], [0.142, 0.219, 0.168, 0.355, 0.116], [0.358, 0.146, 0.084, 0.097, 0.315], [0.145, 0.293, 0.259, 0.101, 0.202], [0.212, 0.265, 0.25, 0.24, 0.033], [0.292, 0.123, 0.129, 0.247, 0.209], [0.336, 0.235, 0.08, 0.072, 0.277], [0.276, 0.233, 0.085, 0.293, 0.113], [0.232, 0.296, 0.123, 0.094, 0.255], [0.231, 0.252, 0.071, 0.314, 0.132], [0.293, 0.067, 0.142, 0.262, 0.236], [0.294, 0.18, 0.303, 0.058, 0.165], [0.177, 0.167, 0.067, 0.281, 0.308], [0.219, 0.162, 0.231, 0.239, 0.149], [0.116, 0.151, 0.163, 0.318, 0.252], [0.169, 0.359, 0.149, 0.188, 0.135], [0.181, 0.399, 0.179, 0.143, 0.098], [0.161, 0.356, 0.138, 0.169, 0.176], [0.11, 0.394, 0.186, 0.153, 0.157], [0.308, 0.117, 0.208, 0.207, 0.16], [0.344, 0.162, 0.154, 0.125, 0.215], [0.17, 0.277, 0.106, 0.265, 0.182], [0.277, 0.165, 0.167, 0.238, 0.153], [0.244, 0.249, 0.154, 0.198, 0.155], [0.153, 0.316, 0.228, 0.161, 0.142], [0.219, 0.112, 0.385, 0.159, 0.125], [0.473, 0.106, 0.126, 0.176, 0.119], [0.084, 0.357, 0.097, 0.169, 0.293], [0.247, 0.021, 0.346, 0.213, 0.173], [0.329, 0.189, 0.225, 0.195, 0.062], [0.314, 0.152, 0.255, 0.031, 0.248], [0.292, 0.199, 0.065, 0.197, 0.247], [0.258, 0.226, 0.29, 0.062, 0.164], [0.318, 0.17, 0.168, 0.294, 0.05], [0.152, 0.199, 0.281, 0.087, 0.281], [0.282, 0.207, 0.078, 0.161, 0.272], [0.185, 0.285, 0.271, 0.085, 0.174], [0.231, 0.227, 0.272, 0.108, 0.162], [0.243, 0.183, 0.168, 0.185, 0.221], [0.202, 0.202, 0.165, 0.245, 0.186], [0.333, 0.191, 0.155, 0.174, 0.147], [0.18, 0.38, 0.119, 0.138, 0.183], [0.377, 0.169, 0.137, 0.16, 0.157], [0.151, 0.288, 0.156, 0.263, 0.142], [0.147, 0.332, 0.244, 0.165, 0.112], [0.269, 0.273, 0.156, 0.137, 0.165], [0.158, 0.283, 0.268, 0.146, 0.145], [0.124, 0.283, 0.271, 0.159, 0.163], [0.165, 0.24, 0.275, 0.146, 0.174], [0.237, 0.165, 0.226, 0.182, 0.19], [0.226, 0.116, 0.155, 0.213, 0.29], [0.197, 0.24, 0.098, 0.249, 0.216], [0.288, 0.181, 0.174, 0.288, 0.069], [0.299, 0.159, 0.066, 0.312, 0.164], [0.301, 0.209, 0.123, 0.324, 0.043], [0.307, 0.18, 0.293, 0.143, 0.077], [0.287, 0.085, 0.216, 0.154, 0.258], [0.222, 0.145, 0.262, 0.149, 0.222], [0.289, 0.121, 0.138, 0.195, 0.257], [0.155, 0.294, 0.3, 0.093, 0.158], [0.266, 0.189, 0.146, 0.124, 0.275], [0.078, 0.3, 0.147, 0.22, 0.255], [0.39, 0.097, 0.086, 0.186, 0.241], [0.211, 0.178, 0.186, 0.177, 0.248], [0.175, 0.22, 0.296, 0.142, 0.167], [0.139, 0.378, 0.165, 0.199, 0.119], [0.222, 0.381, 0.108, 0.145, 0.144], [0.351, 0.158, 0.27, 0.113, 0.108], [0.153, 0.128, 0.349, 0.141, 0.229], [0.127, 0.165, 0.126, 0.314, 0.268], [0.238, 0.289, 0.124, 0.136, 0.213], [0.16, 0.246, 0.281, 0.161, 0.152], [0.18, 0.193, 0.195, 0.191, 0.241], [0.222, 0.244, 0.163, 0.182, 0.189], [0.327, 0.185, 0.142, 0.236, 0.11], [0.226, 0.093, 0.184, 0.182, 0.315], [0.207, 0.171, 0.091, 0.264, 0.267], [0.261, 0.164, 0.152, 0.229, 0.194], [0.278, 0.217, 0.152, 0.105, 0.248], [0.257, 0.215, 0.25, 0.14, 0.138], [0.132, 0.234, 0.175, 0.192, 0.267], [0.082, 0.143, 0.282, 0.233, 0.26], [0.099, 0.268, 0.151, 0.249, 0.233], [0.234, 0.179, 0.1, 0.243, 0.244], [0.124, 0.142, 0.255, 0.255, 0.224], [0.22, 0.25, 0.126, 0.15, 0.254], [0.247, 0.203, 0.136, 0.247, 0.167], [0.074, 0.565, 0.067, 0.111, 0.183], [0.147, 0.305, 0.144, 0.267, 0.137], [0.218, 0.167, 0.331, 0.121, 0.163], [0.336, 0.229, 0.082, 0.195, 0.158], [0.35, 0.137, 0.106, 0.215, 0.192], [0.355, 0.266, 0.098, 0.166, 0.115], [0.111, 0.358, 0.247, 0.095, 0.189], [0.144, 0.329, 0.126, 0.19, 0.211], [0.312, 0.177, 0.138, 0.197, 0.176], [0.198, 0.094, 0.389, 0.147, 0.172], [0.08, 0.532, 0.178, 0.176, 0.034], [0.283, 0.237, 0.243, 0.119, 0.118], [0.269, 0.233, 0.22, 0.144, 0.134], [0.28, 0.275, 0.065, 0.148, 0.232], [0.254, 0.222, 0.127, 0.127, 0.27], [0.27, 0.141, 0.224, 0.28, 0.085], [0.236, 0.121, 0.267, 0.29, 0.086], [0.103, 0.26, 0.241, 0.114, 0.282], [0.099, 0.209, 0.265, 0.111, 0.316], [0.238, 0.255, 0.128, 0.101, 0.278], [0.277, 0.091, 0.137, 0.243, 0.252], [0.24, 0.101, 0.118, 0.279, 0.262], [0.26, 0.137, 0.113, 0.273, 0.217], [0.208, 0.267, 0.144, 0.144, 0.237], [0.278, 0.23, 0.257, 0.123, 0.112], [0.661, 0.062, 0.092, 0.156, 0.029], [0.385, 0.152, 0.144, 0.095, 0.224], [0.415, 0.152, 0.106, 0.227, 0.1], [0.102, 0.388, 0.101, 0.193, 0.216], [0.419, 0.111, 0.184, 0.162, 0.124], [0.409, 0.096, 0.189, 0.123, 0.183], [0.465, 0.151, 0.117, 0.099, 0.168], [0.137, 0.406, 0.142, 0.228, 0.087], [0.264, 0.088, 0.534, 0.101, 0.013], [0.314, 0.141, 0.213, 0.094, 0.238], [0.308, 0.239, 0.108, 0.21, 0.135], [0.109, 0.265, 0.332, 0.105, 0.189], [0.109, 0.26, 0.235, 0.186, 0.21], [0.307, 0.214, 0.185, 0.084, 0.21], [0.1, 0.243, 0.252, 0.136, 0.269], [0.232, 0.103, 0.094, 0.339, 0.232], [0.262, 0.23, 0.108, 0.293, 0.107], [0.24, 0.288, 0.098, 0.103, 0.271], [0.332, 0.101, 0.099, 0.203, 0.265], [0.225, 0.254, 0.126, 0.285, 0.11], [0.276, 0.115, 0.148, 0.226, 0.235], [0.225, 0.242, 0.304, 0.122, 0.107], [0.293, 0.255, 0.103, 0.235, 0.114], [0.248, 0.217, 0.119, 0.28, 0.136], [0.3, 0.114, 0.111, 0.247, 0.228], [0.12, 0.434, 0.154, 0.054, 0.238], [0.4, 0.14, 0.183, 0.074, 0.203], [0.226, 0.161, 0.097, 0.455, 0.061], [0.457, 0.151, 0.078, 0.095, 0.219], [0.243, 0.075, 0.095, 0.172, 0.415], [0.526, 0.061, 0.197, 0.128, 0.088], [0.521, 0.121, 0.107, 0.162, 0.089], [0.393, 0.156, 0.277, 0.152, 0.022], [0.309, 0.1, 0.234, 0.255, 0.102], [0.252, 0.134, 0.09, 0.267, 0.257], [0.293, 0.112, 0.102, 0.236, 0.257], [0.222, 0.269, 0.354, 0.092, 0.063], [0.086, 0.133, 0.21, 0.275, 0.296], [0.232, 0.28, 0.309, 0.083, 0.096], [0.107, 0.229, 0.27, 0.131, 0.263], [0.223, 0.268, 0.132, 0.273, 0.104]]