[[0.29, 0.244, 0.121, 0.221, 0.124], [0.31, 0.147, 0.084, 0.188, 0.271], [0.217, 0.28, 0.311, 0.124, 0.068], [0.133, 0.204, 0.304, 0.079, 0.28], [0.179, 0.279, 0.039, 0.314, 0.189], [0.256, 0.137, 0.208, 0.118, 0.281], [0.144, 0.227, 0.277, 0.048, 0.304], [0.288, 0.29, 0.052, 0.222, 0.148], [0.389, 0.078, 0.098, 0.264, 0.171], [0.097, 0.258, 0.157, 0.363, 0.125], [0.533, 0.141, 0.068, 0.103, 0.155], [0.212, 0.173, 0.082, 0.415, 0.118], [0.524, 0.084, 0.096, 0.126, 0.17], [0.517, 0.124, 0.093, 0.182, 0.084], [0.199, 0.119, 0.501, 0.077, 0.104], [0.487, 0.079, 0.23, 0.14, 0.064], [0.079, 0.296, 0.322, 0.175, 0.128], [0.258, 0.233, 0.27, 0.117, 0.122], [0.29, 0.118, 0.234, 0.077, 0.281], [0.118, 0.233, 0.274, 0.254, 0.121], [0.14, 0.238, 0.307, 0.24, 0.075], [0.216, 0.158, 0.279, 0.261, 0.086], [0.093, 0.258, 0.143, 0.223, 0.283], [0.294, 0.284, 0.23, 0.142, 0.05], [0.338, 0.039, 0.179, 0.189, 0.255], [0.115, 0.364, 0.039, 0.278, 0.204], [0.307, 0.147, 0.284, 0.227, 0.035], [0.328, 0.133, 0.244, 0.045, 0.25], [0.269, 0.242, 0.309, 0.05, 0.13], [0.282, 0.221, 0.29, 0.164, 0.043], [0.28, 0.217, 0.186, 0.279, 0.038], [0.655, 0.08, 0.038, 0.18, 0.047], [0.345, 0.124, 0.126, 0.163, 0.242], [0.228, 0.386, 0.092, 0.185, 0.109], [0.238, 0.429, 0.085, 0.086, 0.162], [0.201, 0.441, 0.116, 0.084, 0.158], [0.215, 0.465, 0.087, 0.072, 0.161], [0.176, 0.233, 0.101, 0.408, 0.082], [0.182, 0.163, 0.126, 0.429, 0.1], [0.094, 0.201, 0.218, 0.378, 0.109], [0.496, 0.126, 0.13, 0.237, 0.011], [0.074, 0.305, 0.263, 0.127, 0.231], [0.239, 0.225, 0.159, 0.109, 0.268], [0.316, 0.187, 0.228, 0.074, 0.195], [0.247, 0.243, 0.142, 0.066, 0.302], [0.147, 0.258, 0.323, 0.067, 0.205], [0.322, 0.068, 0.157, 0.252, 0.201], [0.2, 0.295, 0.288, 0.154, 0.063], [0.258, 0.198, 0.108, 0.189, 0.247], [0.231, 0.217, 0.088, 0.254, 0.21], [0.262, 0.077, 0.156, 0.262, 0.243], [0.219, 0.103, 0.293, 0.079, 0.306], [0.289, 0.222, 0.25, 0.16, 0.079], [0.211, 0.268, 0.252, 0.159, 0.11], [0.148, 0.082, 0.102, 0.124, 0.544], [0.26, 0.157, 0.196, 0.155, 0.232], [0.215, 0.292, 0.13, 0.22, 0.143], [0.104, 0.32, 0.271, 0.122, 0.183], [0.281, 0.358, 0.101, 0.099, 0.161], [0.332, 0.29, 0.1, 0.114, 0.164], [0.105, 0.367, 0.264, 0.156, 0.108], [0.148, 0.288, 0.109, 0.339, 0.116], [0.289, 0.173, 0.12, 0.292, 0.126], [0.318, 0.308, 0.108, 0.113, 0.153], [0.179, 0.238, 0.159, 0.248, 0.176], [0.109, 0.439, 0.219, 0.075, 0.158], [0.263, 0.093, 0.171, 0.268, 0.205], [0.242, 0.134, 0.264, 0.142, 0.218], [0.104, 0.241, 0.195, 0.154, 0.306], [0.249, 0.215, 0.146, 0.164, 0.226], [0.275, 0.155, 0.116, 0.241, 0.213], [0.12, 0.251, 0.281, 0.138, 0.21], [0.129, 0.281, 0.089, 0.295, 0.206], [0.27, 0.135, 0.178, 0.189, 0.228], [0.111, 0.166, 0.261, 0.17, 0.292], [0.089, 0.221, 0.286, 0.133, 0.271], [0.107, 0.235, 0.245, 0.126, 0.287], [0.378, 0.118, 0.162, 0.159, 0.183], [0.207, 0.217, 0.226, 0.218, 0.132], [0.139, 0.214, 0.214, 0.23, 0.203], [0.356, 0.18, 0.16, 0.146, 0.158], [0.339, 0.183, 0.131, 0.207, 0.14], [0.229, 0.13, 0.206, 0.116, 0.319], [0.147, 0.343, 0.154, 0.201, 0.155], [0.364, 0.107, 0.159, 0.239, 0.131], [0.16, 0.204, 0.35, 0.146, 0.14], [0.179, 0.279, 0.153, 0.231, 0.158], [0.212, 0.299, 0.136, 0.18, 0.173], [0.153, 0.187, 0.195, 0.175, 0.29], [0.344, 0.128, 0.273, 0.068, 0.187], [0.143, 0.292, 0.113, 0.118, 0.334], [0.249, 0.117, 0.133, 0.266, 0.235], [0.117, 0.254, 0.116, 0.295, 0.218], [0.272, 0.228, 0.119, 0.082, 0.299], [0.304, 0.103, 0.266, 0.108, 0.219], [0.319, 0.124, 0.117, 0.197, 0.243], [0.242, 0.207, 0.097, 0.194, 0.26], [0.248, 0.3, 0.137, 0.099, 0.216], [0.323, 0.249, 0.081, 0.232, 0.115], [0.222, 0.29, 0.093, 0.159, 0.236], [0.256, 0.164, 0.162, 0.284, 0.134], [0.299, 0.182, 0.238, 0.156, 0.125], [0.154, 0.122, 0.206, 0.162, 0.356], [0.147, 0.383, 0.179, 0.168, 0.123], [0.146, 0.213, 0.361, 0.146, 0.134], [0.143, 0.199, 0.397, 0.129, 0.132], [0.371, 0.142, 0.13, 0.161, 0.196], [0.266, 0.159, 0.255, 0.158, 0.162], [0.313, 0.253, 0.131, 0.148, 0.155], [0.289, 0.239, 0.158, 0.131, 0.183], [0.29, 0.147, 0.16, 0.253, 0.15], [0.194, 0.192, 0.144, 0.302, 0.168], [0.347, 0.136, 0.209, 0.158, 0.15], [0.283, 0.121, 0.324, 0.142, 0.13], [0.227, 0.272, 0.14, 0.15, 0.211], [0.237, 0.317, 0.12, 0.024, 0.302], [0.26, 0.219, 0.179, 0.241, 0.101], [0.082, 0.258, 0.272, 0.193, 0.195], [0.193, 0.088, 0.228, 0.296, 0.195], [0.325, 0.096, 0.113, 0.252, 0.214], [0.111, 0.326, 0.104, 0.241, 0.218], [0.259, 0.252, 0.106, 0.273, 0.11], [0.119, 0.247, 0.098, 0.254, 0.282], [0.304, 0.089, 0.146, 0.243, 0.218], [0.307, 0.187, 0.137, 0.201, 0.168], [0.263, 0.118, 0.307, 0.137, 0.175], [0.138, 0.389, 0.17, 0.174, 0.129], [0.128, 0.38, 0.159, 0.164, 0.169], [0.137, 0.41, 0.161, 0.104, 0.188], [0.394, 0.142, 0.14, 0.163, 0.161], [0.201, 0.374, 0.135, 0.145, 0.145], [0.141, 0.305, 0.237, 0.169, 0.148], [0.18, 0.285, 0.244, 0.137, 0.154], [0.162, 0.31, 0.182, 0.204, 0.142], [0.324, 0.109, 0.173, 0.218, 0.176], [0.285, 0.215, 0.154, 0.147, 0.199], [0.096, 0.412, 0.151, 0.141, 0.2], [0.33, 0.108, 0.14, 0.318, 0.104], [0.08, 0.35, 0.109, 0.359, 0.102], [0.205, 0.27, 0.268, 0.236, 0.021], [0.266, 0.121, 0.114, 0.241, 0.258], [0.082, 0.192, 0.245, 0.281, 0.2], [0.088, 0.252, 0.115, 0.293, 0.252], [0.274, 0.091, 0.126, 0.258, 0.251], [0.164, 0.316, 0.2, 0.269, 0.051], [0.256, 0.281, 0.073, 0.15, 0.24], [0.288, 0.227, 0.061, 0.292, 0.132], [0.253, 0.069, 0.315, 0.137, 0.226], [0.229, 0.183, 0.174, 0.203, 0.211], [0.269, 0.174, 0.182, 0.251, 0.124], [0.355, 0.139, 0.167, 0.192, 0.147], [0.166, 0.174, 0.387, 0.139, 0.134], [0.133, 0.214, 0.314, 0.15, 0.189], [0.168, 0.11, 0.167, 0.161, 0.394], [0.335, 0.157, 0.166, 0.206, 0.136], [0.135, 0.308, 0.15, 0.259, 0.148], [0.13, 0.23, 0.212, 0.159, 0.269], [0.272, 0.175, 0.149, 0.255, 0.149], [0.197, 0.163, 0.221, 0.262, 0.157], [0.334, 0.128, 0.16, 0.159, 0.219], [0.166, 0.164, 0.287, 0.166, 0.217], [0.436, 0.104, 0.152, 0.107, 0.201], [0.103, 0.227, 0.236, 0.112, 0.322], [0.279, 0.293, 0.258, 0.028, 0.142], [0.185, 0.211, 0.062, 0.27, 0.272], [0.287, 0.206, 0.148, 0.294, 0.065], [0.17, 0.298, 0.294, 0.189, 0.049], [0.305, 0.183, 0.204, 0.27, 0.038], [0.305, 0.194, 0.141, 0.285, 0.075], [0.281, 0.206, 0.278, 0.086, 0.149], [0.182, 0.188, 0.272, 0.096, 0.262], [0.261, 0.102, 0.269, 0.158, 0.21], [0.196, 0.257, 0.169, 0.117, 0.261], [0.16, 0.257, 0.248, 0.145, 0.19], [0.211, 0.17, 0.233, 0.186, 0.2], [0.336, 0.171, 0.171, 0.161, 0.161], [0.124, 0.393, 0.127, 0.182, 0.174], [0.151, 0.14, 0.373, 0.149, 0.187], [0.148, 0.302, 0.266, 0.146, 0.138], [0.156, 0.167, 0.311, 0.21, 0.156], [0.17, 0.139, 0.288, 0.124, 0.279], [0.151, 0.306, 0.28, 0.14, 0.123], [0.288, 0.159, 0.263, 0.14, 0.15], [0.179, 0.167, 0.227, 0.149, 0.278], [0.163, 0.172, 0.236, 0.171, 0.258], [0.204, 0.157, 0.242, 0.245, 0.152], [0.215, 0.229, 0.217, 0.106, 0.233], [0.311, 0.175, 0.08, 0.277, 0.157], [0.32, 0.143, 0.303, 0.156, 0.078], [0.165, 0.145, 0.084, 0.274, 0.332], [0.141, 0.278, 0.204, 0.085, 0.292], [0.31, 0.099, 0.283, 0.175, 0.133], [0.217, 0.165, 0.217, 0.155, 0.246], [0.271, 0.112, 0.131, 0.279, 0.207], [0.11, 0.279, 0.291, 0.115, 0.205], [0.236, 0.194, 0.143, 0.262, 0.165], [0.233, 0.087, 0.24, 0.156, 0.284], [0.181, 0.408, 0.074, 0.263, 0.074], [0.208, 0.193, 0.191, 0.205, 0.203], [0.141, 0.309, 0.166, 0.184, 0.2], [0.138, 0.368, 0.22, 0.132, 0.142], [0.126, 0.377, 0.212, 0.14, 0.145], [0.369, 0.252, 0.097, 0.133, 0.149], [0.136, 0.236, 0.359, 0.145, 0.124], [0.14, 0.275, 0.291, 0.165, 0.129], [0.285, 0.173, 0.164, 0.227, 0.151], [0.147, 0.152, 0.257, 0.284, 0.16], [0.191, 0.201, 0.231, 0.195, 0.182], [0.202, 0.228, 0.153, 0.192, 0.225], [0.224, 0.179, 0.316, 0.17, 0.111], [0.149, 0.324, 0.212, 0.229, 0.086], [0.222, 0.194, 0.212, 0.1, 0.272], [0.162, 0.243, 0.274, 0.101, 0.22], [0.226, 0.249, 0.273, 0.101, 0.151], [0.276, 0.13, 0.109, 0.261, 0.224], [0.255, 0.201, 0.123, 0.154, 0.267], [0.243, 0.108, 0.241, 0.17, 0.238], [0.178, 0.237, 0.267, 0.087, 0.231], [0.272, 0.213, 0.247, 0.162, 0.106], [0.248, 0.232, 0.154, 0.133, 0.233], [0.243, 0.264, 0.1, 0.223, 0.17], [0.303, 0.059, 0.185, 0.222, 0.231], [0.627, 0.042, 0.15, 0.113, 0.068], [0.264, 0.157, 0.147, 0.166, 0.266], [0.175, 0.237, 0.117, 0.158, 0.313], [0.104, 0.172, 0.282, 0.327, 0.115], [0.186, 0.353, 0.109, 0.125, 0.227], [0.169, 0.275, 0.322, 0.115, 0.119], [0.112, 0.167, 0.137, 0.257, 0.327], [0.315, 0.206, 0.123, 0.21, 0.146], [0.312, 0.187, 0.118, 0.161, 0.222], [0.199, 0.406, 0.131, 0.177, 0.087], [0.174, 0.536, 0.077, 0.19, 0.023], [0.315, 0.22, 0.11, 0.238, 0.117], [0.233, 0.218, 0.155, 0.257, 0.137], [0.211, 0.273, 0.324, 0.122, 0.07], [0.133, 0.313, 0.077, 0.232, 0.245], [0.297, 0.121, 0.255, 0.106, 0.221], [0.117, 0.225, 0.274, 0.108, 0.276], [0.163, 0.118, 0.242, 0.242, 0.235], [0.306, 0.249, 0.08, 0.089, 0.276], [0.099, 0.271, 0.133, 0.254, 0.243], [0.104, 0.273, 0.295, 0.094, 0.234], [0.109, 0.253, 0.24, 0.267, 0.131], [0.257, 0.121, 0.133, 0.219, 0.27], [0.276, 0.229, 0.129, 0.122, 0.244], [0.21, 0.264, 0.135, 0.277, 0.114], [0.136, 0.055, 0.66, 0.112, 0.037], [0.162, 0.246, 0.111, 0.148, 0.333], [0.439, 0.093, 0.118, 0.195, 0.155], [0.203, 0.1, 0.189, 0.103, 0.405], [0.439, 0.153, 0.111, 0.187, 0.11], [0.475, 0.105, 0.104, 0.149, 0.167], [0.407, 0.126, 0.12, 0.179, 0.168], [0.132, 0.438, 0.219, 0.092, 0.119], [0.466, 0.148, 0.041, 0.268, 0.077], [0.326, 0.133, 0.105, 0.192, 0.244], [0.087, 0.238, 0.325, 0.146, 0.204], [0.142, 0.205, 0.308, 0.08, 0.265], [0.217, 0.237, 0.158, 0.267, 0.121], [0.075, 0.257, 0.159, 0.228, 0.281], [0.238, 0.234, 0.092, 0.298, 0.138], [0.255, 0.332, 0.185, 0.124, 0.104], [0.301, 0.116, 0.101, 0.239, 0.243], [0.303, 0.105, 0.102, 0.226, 0.264], [0.272, 0.261, 0.106, 0.128, 0.233], [0.226, 0.263, 0.302, 0.105, 0.104], [0.232, 0.121, 0.12, 0.295, 0.232], [0.303, 0.119, 0.116, 0.243, 0.219], [0.262, 0.213, 0.115, 0.129, 0.281], [0.115, 0.276, 0.258, 0.131, 0.22], [0.144, 0.23, 0.242, 0.261, 0.123], [0.133, 0.41, 0.08, 0.128, 0.249], [0.216, 0.176, 0.157, 0.055, 0.396], [0.141, 0.48, 0.095, 0.073, 0.211], [0.089, 0.469, 0.12, 0.081, 0.241], [0.096, 0.203, 0.167, 0.093, 0.441], [0.543, 0.08, 0.093, 0.18, 0.104], [0.162, 0.443, 0.106, 0.109, 0.18], [0.178, 0.369, 0.265, 0.023, 0.165], [0.247, 0.233, 0.307, 0.112, 0.101], [0.262, 0.228, 0.129, 0.086, 0.295], [0.206, 0.195, 0.075, 0.242, 0.282], [0.192, 0.266, 0.301, 0.149, 0.092], [0.252, 0.292, 0.222, 0.13, 0.104], [0.32, 0.099, 0.264, 0.1, 0.217], [0.111, 0.307, 0.272, 0.235, 0.075], [0.111, 0.28, 0.271, 0.191, 0.147]]