[[0.561, 0.202, 0.068, 0.153, 0.016], [0.722, 0.158, 0.019, 0.03, 0.071], [0.645, 0.071, 0.052, 0.063, 0.169], [0.151, 0.049, 0.038, 0.079, 0.683], [0.191, 0.032, 0.15, 0.587, 0.04], [0.394, 0.044, 0.024, 0.134, 0.404], [0.237, 0.207, 0.262, 0.044, 0.25], [0.362, 0.138, 0.216, 0.129, 0.155], [0.166, 0.343, 0.115, 0.115, 0.261], [0.209, 0.183, 0.114, 0.117, 0.377], [0.53, 0.097, 0.18, 0.081, 0.112], [0.108, 0.185, 0.413, 0.11, 0.184], [0.111, 0.108, 0.161, 0.436, 0.184], [0.157, 0.163, 0.438, 0.133, 0.109], [0.164, 0.309, 0.124, 0.287, 0.116], [0.396, 0.068, 0.096, 0.289, 0.151], [0.264, 0.187, 0.258, 0.054, 0.237], [0.328, 0.222, 0.054, 0.123, 0.273], [0.24, 0.176, 0.28, 0.054, 0.25], [0.405, 0.074, 0.073, 0.154, 0.294], [0.046, 0.324, 0.339, 0.062, 0.229], [0.296, 0.227, 0.313, 0.077, 0.087], [0.183, 0.221, 0.303, 0.024, 0.269], [0.489, 0.203, 0.019, 0.235, 0.054], [0.646, 0.038, 0.152, 0.117, 0.047], [0.159, 0.67, 0.034, 0.102, 0.035], [0.696, 0.089, 0.037, 0.087, 0.091], [0.752, 0.023, 0.071, 0.129, 0.025], [0.733, 0.042, 0.109, 0.072, 0.044], [0.748, 0.026, 0.048, 0.061, 0.117], [0.203, 0.411, 0.106, 0.244, 0.036], [0.103, 0.352, 0.233, 0.249, 0.063], [0.247, 0.136, 0.182, 0.241, 0.194], [0.411, 0.118, 0.091, 0.191, 0.189], [0.414, 0.101, 0.202, 0.084, 0.199], [0.152, 0.25, 0.445, 0.083, 0.07], [0.179, 0.242, 0.318, 0.085, 0.176], [0.424, 0.225, 0.108, 0.075, 0.168], [0.054, 0.252, 0.415, 0.161, 0.118], [0.159, 0.28, 0.138, 0.136, 0.287], [0.358, 0.179, 0.276, 0.124, 0.063], [0.148, 0.24, 0.225, 0.06, 0.327], [0.261, 0.176, 0.259, 0.041, 0.263], [0.2, 0.124, 0.267, 0.038, 0.371], [0.196, 0.14, 0.325, 0.2, 0.139], [0.226, 0.283, 0.168, 0.256, 0.067], [0.248, 0.162, 0.264, 0.08, 0.246], [0.164, 0.098, 0.215, 0.484, 0.039], [0.167, 0.078, 0.082, 0.038, 0.635], [0.136, 0.041, 0.122, 0.682, 0.019], [0.714, 0.067, 0.145, 0.014, 0.06], [0.092, 0.417, 0.025, 0.159, 0.307], [0.683, 0.106, 0.018, 0.159, 0.034], [0.113, 0.149, 0.016, 0.68, 0.042], [0.324, 0.15, 0.412, 0.026, 0.088], [0.214, 0.188, 0.196, 0.108, 0.294], [0.162, 0.256, 0.174, 0.296, 0.112], [0.168, 0.343, 0.214, 0.184, 0.091], [0.173, 0.284, 0.334, 0.09, 0.119], [0.325, 0.123, 0.312, 0.104, 0.136], [0.288, 0.151, 0.114, 0.102, 0.345], [0.325, 0.327, 0.093, 0.151, 0.104], [0.122, 0.349, 0.254, 0.099, 0.176], [0.203, 0.124, 0.332, 0.166, 0.175], [0.183, 0.319, 0.276, 0.101, 0.121], [0.155, 0.398, 0.123, 0.221, 0.103], [0.083, 0.406, 0.203, 0.168, 0.14], [0.171, 0.253, 0.207, 0.046, 0.323], [0.202, 0.195, 0.125, 0.117, 0.361], [0.325, 0.228, 0.254, 0.138, 0.055], [0.257, 0.357, 0.259, 0.096, 0.031], [0.534, 0.062, 0.05, 0.237, 0.117], [0.582, 0.129, 0.125, 0.132, 0.032], [0.708, 0.034, 0.133, 0.028, 0.097], [0.505, 0.029, 0.042, 0.29, 0.134], [0.081, 0.17, 0.043, 0.6, 0.106], [0.516, 0.036, 0.122, 0.312, 0.014], [0.37, 0.132, 0.028, 0.214, 0.256], [0.069, 0.24, 0.224, 0.226, 0.241], [0.23, 0.22, 0.156, 0.225, 0.169], [0.203, 0.348, 0.157, 0.141, 0.151], [0.195, 0.156, 0.209, 0.321, 0.119], [0.323, 0.23, 0.09, 0.14, 0.217], [0.328, 0.149, 0.143, 0.238, 0.142], [0.136, 0.235, 0.142, 0.138, 0.349], [0.231, 0.156, 0.322, 0.158, 0.133], [0.272, 0.185, 0.262, 0.136, 0.145], [0.191, 0.315, 0.169, 0.265, 0.06], [0.088, 0.135, 0.328, 0.234, 0.215], [0.243, 0.059, 0.181, 0.101, 0.416], [0.258, 0.25, 0.402, 0.02, 0.07], [0.407, 0.293, 0.097, 0.023, 0.18], [0.253, 0.281, 0.033, 0.17, 0.263], [0.338, 0.029, 0.156, 0.208, 0.269], [0.247, 0.123, 0.269, 0.16, 0.201], [0.254, 0.129, 0.019, 0.463, 0.135], [0.677, 0.134, 0.053, 0.01, 0.126], [0.407, 0.036, 0.39, 0.139, 0.028], [0.489, 0.054, 0.043, 0.341, 0.073], [0.4, 0.024, 0.069, 0.426, 0.081], [0.177, 0.289, 0.076, 0.264, 0.194], [0.322, 0.232, 0.329, 0.08, 0.037], [0.184, 0.213, 0.237, 0.187, 0.179], [0.171, 0.229, 0.263, 0.185, 0.152], [0.25, 0.13, 0.135, 0.361, 0.124], [0.147, 0.356, 0.12, 0.225, 0.152], [0.348, 0.289, 0.111, 0.117, 0.135], [0.151, 0.251, 0.312, 0.135, 0.151], [0.12, 0.261, 0.16, 0.303, 0.156], [0.229, 0.32, 0.155, 0.148, 0.148], [0.169, 0.158, 0.214, 0.321, 0.138], [0.158, 0.323, 0.156, 0.192, 0.171], [0.337, 0.24, 0.23, 0.131, 0.062], [0.212, 0.074, 0.51, 0.045, 0.159], [0.28, 0.193, 0.28, 0.074, 0.173], [0.347, 0.089, 0.253, 0.096, 0.215], [0.206, 0.24, 0.054, 0.206, 0.294], [0.243, 0.174, 0.144, 0.055, 0.384], [0.224, 0.139, 0.209, 0.238, 0.19], [0.448, 0.087, 0.189, 0.016, 0.26], [0.631, 0.117, 0.024, 0.033, 0.195], [0.038, 0.481, 0.109, 0.317, 0.055], [0.242, 0.076, 0.127, 0.537, 0.018], [0.43, 0.102, 0.025, 0.384, 0.059], [0.14, 0.092, 0.287, 0.062, 0.419], [0.356, 0.237, 0.097, 0.04, 0.27], [0.164, 0.215, 0.143, 0.164, 0.314], [0.14, 0.266, 0.139, 0.194, 0.261], [0.21, 0.118, 0.117, 0.409, 0.146], [0.146, 0.169, 0.42, 0.146, 0.119], [0.136, 0.132, 0.229, 0.346, 0.157], [0.34, 0.137, 0.157, 0.186, 0.18], [0.258, 0.296, 0.147, 0.143, 0.156], [0.259, 0.133, 0.142, 0.313, 0.153], [0.109, 0.192, 0.322, 0.177, 0.2], [0.211, 0.181, 0.168, 0.309, 0.131], [0.2, 0.162, 0.206, 0.321, 0.111], [0.064, 0.485, 0.063, 0.202, 0.186], [0.349, 0.248, 0.177, 0.121, 0.105], [0.276, 0.136, 0.269, 0.143, 0.176], [0.315, 0.125, 0.238, 0.289, 0.033], [0.359, 0.072, 0.27, 0.228, 0.071], [0.2, 0.292, 0.276, 0.078, 0.154], [0.421, 0.022, 0.191, 0.094, 0.272], [0.549, 0.068, 0.144, 0.033, 0.206], [0.075, 0.718, 0.05, 0.145, 0.012], [0.43, 0.032, 0.059, 0.35, 0.129], [0.474, 0.038, 0.025, 0.403, 0.06], [0.13, 0.258, 0.039, 0.181, 0.392], [0.198, 0.369, 0.031, 0.293, 0.109], [0.137, 0.251, 0.168, 0.286, 0.158], [0.239, 0.201, 0.182, 0.178, 0.2], [0.165, 0.174, 0.129, 0.324, 0.208], [0.194, 0.121, 0.359, 0.15, 0.176], [0.124, 0.197, 0.334, 0.173, 0.172], [0.161, 0.332, 0.155, 0.124, 0.228], [0.228, 0.261, 0.141, 0.194, 0.176], [0.185, 0.25, 0.251, 0.166, 0.148], [0.154, 0.24, 0.281, 0.165, 0.16], [0.211, 0.161, 0.292, 0.159, 0.177], [0.368, 0.12, 0.17, 0.121, 0.221], [0.058, 0.476, 0.141, 0.17, 0.155], [0.228, 0.064, 0.458, 0.11, 0.14], [0.25, 0.08, 0.415, 0.049, 0.206], [0.175, 0.099, 0.272, 0.205, 0.249], [0.236, 0.323, 0.034, 0.318, 0.089], [0.285, 0.092, 0.05, 0.324, 0.249], [0.497, 0.153, 0.229, 0.034, 0.087], [0.574, 0.112, 0.062, 0.231, 0.021], [0.49, 0.06, 0.337, 0.101, 0.012], [0.49, 0.068, 0.047, 0.346, 0.049], [0.064, 0.457, 0.426, 0.013, 0.04], [0.045, 0.105, 0.366, 0.052, 0.432], [0.273, 0.275, 0.072, 0.091, 0.289], [0.267, 0.175, 0.171, 0.193, 0.194], [0.198, 0.111, 0.189, 0.327, 0.175], [0.2, 0.364, 0.12, 0.169, 0.147], [0.14, 0.381, 0.177, 0.144, 0.158], [0.27, 0.137, 0.127, 0.329, 0.137], [0.263, 0.237, 0.168, 0.196, 0.136], [0.145, 0.159, 0.227, 0.139, 0.33], [0.304, 0.135, 0.285, 0.128, 0.148], [0.261, 0.143, 0.179, 0.158, 0.259], [0.191, 0.132, 0.188, 0.218, 0.271], [0.218, 0.322, 0.188, 0.211, 0.061], [0.338, 0.128, 0.277, 0.198, 0.059], [0.353, 0.07, 0.066, 0.376, 0.135], [0.67, 0.095, 0.095, 0.055, 0.085], [0.614, 0.1, 0.217, 0.036, 0.033], [0.081, 0.646, 0.039, 0.13, 0.104], [0.568, 0.114, 0.17, 0.025, 0.123], [0.61, 0.076, 0.148, 0.027, 0.139], [0.57, 0.027, 0.081, 0.295, 0.027], [0.055, 0.478, 0.129, 0.015, 0.323], [0.459, 0.115, 0.007, 0.396, 0.023], [0.62, 0.003, 0.074, 0.255, 0.048], [0.443, 0.03, 0.102, 0.396, 0.029], [0.547, 0.086, 0.18, 0.06, 0.127], [0.263, 0.151, 0.217, 0.115, 0.254], [0.305, 0.113, 0.204, 0.138, 0.24], [0.383, 0.148, 0.143, 0.144, 0.182], [0.415, 0.12, 0.202, 0.148, 0.115], [0.34, 0.154, 0.106, 0.151, 0.249], [0.33, 0.154, 0.153, 0.147, 0.216], [0.248, 0.305, 0.163, 0.136, 0.148], [0.314, 0.241, 0.132, 0.14, 0.173], [0.301, 0.15, 0.265, 0.158, 0.126], [0.176, 0.253, 0.197, 0.194, 0.18], [0.117, 0.199, 0.09, 0.291, 0.303], [0.429, 0.168, 0.267, 0.099, 0.037], [0.414, 0.145, 0.056, 0.239, 0.146], [0.283, 0.106, 0.211, 0.105, 0.295], [0.346, 0.165, 0.179, 0.231, 0.079], [0.356, 0.245, 0.068, 0.093, 0.238], [0.19, 0.334, 0.054, 0.224, 0.198], [0.204, 0.455, 0.158, 0.021, 0.162], [0.588, 0.087, 0.169, 0.006, 0.15], [0.732, 0.005, 0.048, 0.18, 0.035], [0.653, 0.106, 0.009, 0.04, 0.192], [0.031, 0.322, 0.051, 0.526, 0.07], [0.02, 0.442, 0.108, 0.122, 0.308], [0.064, 0.213, 0.013, 0.582, 0.128], [0.352, 0.352, 0.061, 0.162, 0.073], [0.131, 0.364, 0.102, 0.189, 0.214], [0.164, 0.358, 0.121, 0.21, 0.147], [0.144, 0.179, 0.359, 0.201, 0.117], [0.193, 0.131, 0.179, 0.38, 0.117], [0.334, 0.283, 0.109, 0.148, 0.126], [0.345, 0.256, 0.117, 0.112, 0.17], [0.306, 0.168, 0.223, 0.148, 0.155], [0.122, 0.196, 0.146, 0.182, 0.354], [0.209, 0.137, 0.267, 0.076, 0.311], [0.085, 0.419, 0.22, 0.196, 0.08], [0.487, 0.118, 0.046, 0.139, 0.21], [0.249, 0.294, 0.028, 0.096, 0.333], [0.15, 0.354, 0.316, 0.046, 0.134], [0.344, 0.17, 0.263, 0.066, 0.157], [0.175, 0.223, 0.162, 0.136, 0.304], [0.108, 0.251, 0.157, 0.208, 0.276], [0.469, 0.062, 0.173, 0.008, 0.288], [0.714, 0.033, 0.15, 0.058, 0.045], [0.361, 0.072, 0.058, 0.067, 0.442], [0.773, 0.007, 0.099, 0.085, 0.036], [0.459, 0.054, 0.377, 0.082, 0.028], [0.354, 0.092, 0.145, 0.033, 0.376], [0.13, 0.076, 0.339, 0.032, 0.423], [0.243, 0.079, 0.288, 0.323, 0.067], [0.038, 0.458, 0.318, 0.055, 0.131], [0.171, 0.185, 0.127, 0.383, 0.134], [0.428, 0.159, 0.124, 0.106, 0.183], [0.425, 0.182, 0.093, 0.207, 0.093], [0.458, 0.084, 0.115, 0.158, 0.185], [0.172, 0.185, 0.111, 0.458, 0.074], [0.201, 0.125, 0.144, 0.341, 0.189], [0.173, 0.29, 0.172, 0.116, 0.249], [0.04, 0.117, 0.376, 0.281, 0.186], [0.113, 0.36, 0.062, 0.252, 0.213], [0.176, 0.268, 0.229, 0.047, 0.28], [0.355, 0.203, 0.041, 0.34, 0.061], [0.281, 0.218, 0.121, 0.245, 0.135], [0.251, 0.239, 0.058, 0.381, 0.071], [0.095, 0.262, 0.073, 0.345, 0.225], [0.245, 0.226, 0.079, 0.356, 0.094], [0.461, 0.072, 0.033, 0.254, 0.18], [0.209, 0.073, 0.576, 0.019, 0.123], [0.113, 0.721, 0.019, 0.106, 0.041], [0.156, 0.027, 0.06, 0.697, 0.06], [0.033, 0.744, 0.066, 0.116, 0.041], [0.129, 0.735, 0.028, 0.035, 0.073], [0.158, 0.652, 0.051, 0.105, 0.034], [0.302, 0.129, 0.351, 0.036, 0.182], [0.28, 0.227, 0.211, 0.052, 0.23], [0.319, 0.091, 0.36, 0.11, 0.12], [0.211, 0.145, 0.306, 0.099, 0.239], [0.077, 0.508, 0.147, 0.139, 0.129], [0.147, 0.168, 0.171, 0.411, 0.103], [0.117, 0.19, 0.14, 0.106, 0.447], [0.404, 0.12, 0.151, 0.156, 0.169], [0.138, 0.152, 0.208, 0.114, 0.388], [0.198, 0.322, 0.048, 0.173, 0.259], [0.29, 0.087, 0.262, 0.215, 0.146], [0.223, 0.225, 0.115, 0.413, 0.024], [0.291, 0.134, 0.162, 0.142, 0.271], [0.101, 0.245, 0.081, 0.31, 0.263], [0.283, 0.199, 0.097, 0.089, 0.332], [0.296, 0.156, 0.069, 0.258, 0.221], [0.231, 0.105, 0.272, 0.27, 0.122], [0.492, 0.098, 0.163, 0.022, 0.225]]